0.002444
0.005039
0.007243
0.009943
0.012121
0.014602
0.017096
0.020045
0.022670
0.024817
0.027438
0.029932
0.032365
0.034853
0.037384
0.040159
0.042656
0.045166
0.047670
0.050421
0.052433
0.055117
0.057734
0.060029
0.062846
0.065200
0.067805
0.070207
0.072838
0.075493
0.077967
0.080305
0.083109
0.085702
0.088094
0.090666
0.093121
0.095648
0.097976
0.100674
0.103215
0.105650
0.107942
0.110582
0.113143
0.115505
0.118019
0.120556
0.123092
0.125481
0.128151
0.130517
0.132901
0.135475
0.137975
0.140292
0.142618
0.145193
0.147745
0.150230
0.152986
0.155685
0.158001
0.160307
0.163119
0.165544
0.167960
0.170347
0.172771
0.175404
0.177880
0.180362
0.182863
0.185592
0.188099
0.190458
0.193307
0.195743
0.197975
0.200553
0.202986
0.205582
0.208479
0.211383
0.214431
0.217187
0.220000
0.222663
0.225144
0.227800
0.232078
0.234743
0.237692
0.240473
0.242876
0.245589
0.248139
0.250919
0.253582
0.256114
0.258546
0.261054
0.263640
0.266214
0.268804
0.271344
0.273801
0.276343
0.279185
0.281465
0.283964
0.286399
0.288895
0.291575
0.294054
0.296750
0.299091
0.301508
0.303955
0.306632
0.309176
0.311625
0.314205
0.316739
0.319053
0.321610
0.324030
0.326634
0.328998
0.331633
0.333953
0.336418
0.339006
0.341390
0.343978
0.346536
0.349226
0.351771
0.353983
0.356648
0.358922
0.361314
0.364090
0.366607
0.369168
0.371630
0.374312
0.376836
0.379330
0.381777
0.384326
0.386590
0.389302
0.391611
0.394373
0.396681
0.399153
0.401781
0.404447
0.406738
0.409139
0.411727
0.414061
0.416704
0.419156
0.421919
0.424267
0.426879
0.429381
0.431928
0.434107
0.436796
0.439291
0.441642
0.444281
0.446715
0.449104
0.451598
0.453961
0.456397
0.458925
0.461605
0.464109
0.466887
0.469289
0.471938
0.474171
0.476954
0.479178
0.481663
0.484171
0.486366
0.489013
0.491817
0.494406
0.496477
0.499402
0.501923
0.504198
0.506624
0.509290
0.511775
0.514368
0.516929
0.519415
0.521967
0.524513
0.527075
0.529462
0.532155
0.534679
0.537137
0.540038
0.542370
0.544992
0.547373
0.549956
0.552231
0.554559
0.557377
0.559804
0.562397
0.564713
0.567498
0.569961
0.572378
0.574771
0.577401
0.579700
0.582291
0.584617
0.587397
0.589801
0.592193
0.594690
0.597254
0.599877
0.602634
0.604990
0.607400
0.609786
0.612286
0.614758
0.617383
0.619883
0.622565
0.625088
0.627719
0.630114
0.632706
0.635424
0.638018
0.640475
0.643262
0.646269
0.648880
0.651456
0.653972
0.656849
0.659467
0.662131
0.664864
0.667578
0.670088
0.672590
0.675039
0.677667
0.680108
0.682792
0.685269
0.687748
0.690793
0.693221
0.695908
0.698457
0.701258
0.703603
0.706503
0.709249
0.711838
0.714362
0.717126
0.719583
0.721977
0.724692
0.727031
0.729618
0.731979
0.734634
0.736964
0.740005
0.742358
0.744820
0.747316
0.749893
0.752251
0.754798
0.757213
0.759819
0.762065
0.764820
0.766969
0.769715
0.772190
0.774860
0.777441
0.779768
0.782177
0.784859
0.787232
0.789720
0.792414
0.795120
0.797838
0.800129
0.802838
0.805240
0.807857
0.810136
0.812541
0.815117
0.817795
0.820537
0.822933
0.825507
0.827934
0.830646
0.833143
0.835684
0.837808
0.840673
0.843214
0.845440
0.847785
0.850424
0.852950
0.855637
0.858427
0.860895
0.863226
0.865545
0.868387
0.870959
0.873558
0.876021
0.878571
0.881151
0.883567
0.885886
0.888524
0.891095
0.893603
0.896123
0.898743
0.901103
0.903534
0.906065
0.908369
0.910700
0.913464
0.916112
0.918470
0.920847
0.923482
0.925933
0.928609
0.931377
0.933830
0.936292
0.938894
0.941267
0.943848
0.946162
0.948741
0.951267
0.953884
0.956506
0.958890
0.961256
0.963672
0.966590
0.968750
0.971079
0.973823
0.976405
0.978836
0.980999
0.983917
0.986169
0.988502
0.991374
0.993705
0.996069
0.998608
1.001330
1.003539
1.006147
1.008724
1.011037
1.013759
1.016134
1.018792
1.021379
1.023756
1.026551
1.028892
1.031374
1.034040
1.036469
1.039128
1.041544
1.043871
1.046392
1.048942
1.051556
1.053844
1.056363
1.059084
1.061613
1.064039
1.066558
1.069029
1.071815
1.074108
1.076743
1.079290
1.081617
1.084223
1.086764
1.089118
1.091683
1.094284
1.096640
1.099155
1.101622
1.104019
1.106496
1.108980
1.111521
1.113913
1.116332
1.119063
1.121590
1.124035
1.126548
1.129019
1.131422
1.133946
1.136391
1.139015
1.141307
1.143983
1.146503
1.149040
1.151732
1.154131
1.156350
1.158890
1.161689
1.164162
1.166383
1.168766
1.171400
1.173892
1.176488
1.178811
1.181407
1.184152
1.186467
1.189080
1.191425
1.194123
1.196534
1.198885
1.201547
1.204108
1.206456
1.208859
1.211401
1.213761
1.216289
1.218524
1.221367
1.223863
1.226374
1.228886
1.231404
1.234207
1.236646
1.239255
1.241813
1.244465
1.246941
1.249584
1.251902
1.254595
1.257356
1.259901
1.262290
1.264826
1.267201
1.269675
1.272157
1.274760
1.277323
1.279897
1.282195
1.285134
1.287741
1.290044
1.292511
1.294989
1.297489
1.299888
1.302404
1.304856
1.307443
1.309712
1.312290
1.314728
1.317338
1.319816
1.322278
1.324711
1.327452
1.329804
1.332328
1.334848
1.337276
1.339744
1.342215
1.344922
1.347269
1.349776
1.352213
1.354860
1.357380
1.359807
1.362487
1.364712
1.367267
1.369754
1.372035
1.374380
1.376984
1.379555
1.382056
1.384563
1.387273
1.389527
1.392000
1.394350
1.396857
1.399631
1.402301
1.404635
1.407153
1.409604
1.412269
1.414689
1.417154
1.419422
1.421990
1.424460
1.427082
1.429544
1.432095
1.434500
1.437025
1.439631
1.442289
1.444840
1.447360
1.449734
1.452385
1.454856
1.457297
1.459944
1.462478
1.465116
1.467280
1.469914
1.472486
1.474919
1.477460
1.479942
1.482612
1.484894
1.487544
1.490056
1.492656
1.494789
1.497557
1.499995
1.502467
1.505236
1.507420
1.510142
1.512520
1.515271
1.517662
1.520401
1.523020
1.525372
1.527733
1.530370
1.532721
1.535219
1.537782
1.540282
1.543207
1.545277
1.547990
1.550501
1.553019
1.555459
1.557987
1.560557
1.563142
1.565664
1.567984
1.570645
1.572797
1.575316
1.578240
1.580477
1.582818
1.585363
1.587974
1.590345
1.593068
1.595318
1.598030
1.600370
1.603016
1.605331
1.607787
1.610167
1.612780
1.615310
1.617582
1.620347
1.622887
1.625182
1.627882
1.630592
1.632766
1.635447
1.637878
1.640749
1.642744
1.645412
1.648024
1.650849
1.653028
1.655631
1.658334
1.660780
1.663268
1.665767
1.668526
1.670837
1.673367
1.675870
1.678429
1.680790
1.683153
1.685921
1.688381
1.690955
1.693305
1.695944
1.698398
1.700967
1.703557
1.706158
1.708349
1.711112
1.713668
1.716396
1.718733
1.721409
1.723929
1.726311
1.728620
1.731172
1.733762
1.736321
1.738671
1.741390
1.743661
1.746099
1.748787
1.751426
1.753892
1.756180
1.758657
1.761345
1.763880
1.766306
1.768781
1.771650
1.773871
1.776346
1.779017
1.781320
1.783979
1.786502
1.789146
1.791306
1.794046
1.796574
1.799248
1.801553
1.804244
1.806854
1.809311
1.811995
1.814381
1.816967
1.819311
1.821893
1.824479
1.827168
1.829322
1.831777
1.834400
1.836717
1.839447
1.841830
1.844566
1.847161
1.849575
1.852152
1.854735
1.857037
1.859697
1.862009
1.864422
1.867086
1.870028
1.872585
1.874809
1.877366
1.879911
1.882470
1.885090
1.887538
1.889982
1.892519
1.895187
1.897561
1.900118
1.902322
1.905151
1.907836
1.910198
1.912440
1.915409
1.918015
1.920300
1.922780
1.925580
1.927915
1.930219
1.932681
1.935267
1.937568
1.940123
1.942618
1.945220
1.947825
1.950341
1.952731
1.955339
1.957883
1.960274
1.962924
1.965390
1.967766
1.970303
1.973020
1.975485
1.977716
1.980360
1.982896
1.984996
1.987567
1.990308
1.992717
1.995353
1.997972
2.000468
2.002794
2.005444
2.007794
2.010142
2.012922
2.015201
2.017923
2.020251
2.023023
2.025434
2.027861
2.030409
2.032889
2.035408
2.038122
2.040416
2.042897
2.045481
2.048138
2.050521
2.053206
2.055496
2.058081
2.060574
2.063019
2.065420
2.068144
2.070781
2.072933
2.075430
2.078332
2.080397
2.082831
2.085582
2.088259
2.090461
2.092998
2.095784
2.098170
2.100421
2.102799
2.105531
2.107942
2.110391
2.113061
2.115423
2.117983
2.120351
2.122909
2.125287
2.128178
2.130476
2.132884
2.135563
2.138036
2.140640
2.142884
2.145248
2.147660
2.150495
2.152935
2.155390
2.157674
2.160364
2.162711
2.165241
2.167585
2.170078
2.172669
2.175116
2.177551
2.180011
2.182524
2.185250
2.187700
2.190369
2.192410
2.195064
2.197490
2.200073
2.202733
2.205087
2.207537
2.209960
2.212436
2.214784
2.217109
2.219876
2.222325
2.224665
2.227593
2.229975
2.232355
2.234966
2.237760
2.240133
2.242357
2.244808
2.247191
2.249907
2.252181
2.254849
2.257454
2.259822
2.262286
2.265077
2.267569
2.269843
2.272521
2.274895
2.277735
2.280133
2.282534
2.285081
2.287389
2.290104
2.292522
2.295000
2.297433
2.299968
2.302242
2.304759
2.307453
2.310296
2.312394
2.314901
2.317859
2.320053
2.322655
2.325208
2.327820
2.329961
2.332564
2.335249
2.337965
2.340091
2.342807
2.345306
2.347909
2.350157
2.352541
2.354832
2.357587
2.360338
2.362729
2.365218
2.367684
2.370128
2.372641
2.374966
2.377595
2.380093
2.382599
2.384792
2.387527
2.389971
2.392421
2.394664
2.397435
2.399941
2.402242
2.405107
2.407515
2.409842
2.412377
2.415067
2.417461
2.419965
2.422533
2.425150
2.427511
2.429883
2.432652
2.435193
2.437694
2.440044
2.442774
2.445402
2.447741
2.450205
2.452964
2.455482
2.457930
2.460244
2.462951
2.465295
2.467728
2.470269
2.473003
2.475289
2.477918
2.480417
2.483107
2.485484
2.488088
2.490402
2.492948
2.495425
2.497680
2.500273
2.502784
2.505237
2.507649
2.510222
2.512755
2.515229
2.517860
2.520382
2.522816
2.525371
2.528115
2.530499
2.533175
2.535255
2.538146
2.540731
2.543221
2.545849
2.548152
2.550824
2.553279
2.555947
2.558551
2.560903
2.563440
2.566035
2.568431
2.571315
2.573512
2.576225
2.578539
2.580850
2.583793
2.586199
2.588689
2.591129
2.593552
2.595737
2.598565
2.601199
2.603712
2.606241
2.608682
2.611131
2.613590
2.616186
2.618625
2.621349
2.623620
2.626389
2.628982
2.631344
2.633750
2.636306
2.638981
2.641282
2.643879
2.646624
2.649021
2.651504
2.654184
2.656606
2.658928
2.661418
2.663885
2.666471
2.668902
2.671469
2.673905
2.676502
2.679166
2.681670
2.684060
2.686680
2.689038
2.691477
2.693939
2.696936
2.699074
2.701559
2.703860
2.706805
2.709036
2.711558
2.713982
2.716434
2.719096
2.721683
2.724234
2.726669
2.729054
2.731796
2.734119
2.736642
2.739117
2.741671
2.744164
2.746818
2.749365
2.751774
2.754332
2.756827
2.759493
2.761932
2.764588
2.766825
2.769678
2.772131
2.774728
2.777119
2.779647
2.782247
2.784621
2.787305
2.789475
2.792262
2.794912
2.797505
2.799880
2.802349
2.805067
2.807408
2.809959
2.812589
2.814976
2.817482
2.819814
2.822576
2.824761
2.827331
2.829907
2.832470
2.834867
2.837241
2.839964
2.842488
2.844751
2.847523
2.850023
2.852378
2.854653
2.857245
2.860032
2.862550
2.864946
2.867581
2.870231
2.872607
2.875146
2.877650
2.880261
2.882672
2.885251
2.887962
2.890312
2.892592
2.895378
2.897852
2.900578
2.902878
2.905524
2.907939
2.910525
2.913053
2.915525
2.917972
2.920415
2.923109
2.925763
2.928315
2.930886
2.933101
2.935854
2.938259
2.940759
2.943271
2.945588
2.948167
2.950612
2.953406
2.955823
2.957962
2.960746
2.963401
2.965903
2.968338
2.970681
2.973070
2.975810
2.978149
2.980630
2.983191
2.985866
2.988266
2.990721
2.993361
2.995807
2.998442
3.000774
3.003463
3.005959
3.008585
3.010915
3.013455
3.015731
3.018338
3.020864
3.023745
3.026159
3.028814
3.031142
3.033717
3.036086
3.038728
3.041222
3.043578
3.046149
3.048704
3.050945
3.053761
3.056160
3.058732
3.060998
3.063753
3.066250
3.068583
3.071263
3.073643
3.076278
3.078715
3.081336
3.083582
3.086066
3.088760
3.091157
3.093639
3.096017
3.098680
3.101133
3.103510
3.106178
3.108521
3.111319
3.113644
3.116530
3.119233
3.121679
3.124536
3.127102
3.129852
3.132284
3.135174
3.137556
3.140400
3.143064
3.145692
3.148331
3.150912
3.153732
3.156400
3.158862
3.161285
3.163805
3.166519
3.168754
3.171638
3.173956
3.176531
3.178957
3.181641
3.184153
3.186769
3.189071
3.191714
3.194268
3.196754
3.199218
3.201761
3.204048
3.206698
3.209326
3.212017
3.214412
3.216757
3.219383
3.221962
3.224564
3.226830
3.229246
3.231816
3.234219
3.236975
3.239686
3.241961
3.244371
3.247026
3.249613
3.251953
3.254459
3.256943
3.259208
3.262121
3.264391
3.266902
3.269330
3.272229
3.274527
3.276984
3.279618
3.282277
3.284611
3.287186
3.289577
3.292323
3.294725
3.297102
3.299587
3.302238
3.304540
3.307145
3.309734
3.312161
3.314716
3.317208
3.319504
3.321993
3.324492
3.327058
3.329556
3.332130
3.334650
3.336979
3.339648
3.341923
3.344452
3.346975
3.349597
3.351863
3.354354
3.357023
3.359537
3.361944
3.364249
3.366978
3.369681
3.372068
3.374471
3.376987
3.379570
3.382065
3.384513
3.387008
3.389393
3.392212
3.394626
3.396870
3.399433
3.401720
3.404339
3.406817
3.409272
3.411906
3.414269
3.416962
3.419322
3.421919
3.424100
3.426849
3.429346
3.431802
3.434313
3.436823
3.439265
3.441688
3.444205
3.446751
3.449132
3.451486
3.453999
3.456773
3.459097
3.461454
3.464042
3.466509
3.469023
3.471564
3.474044
3.476612
3.479060
3.481437
3.484124
3.486648
3.488853
3.491520
3.494036
3.496234
3.498792
3.501323
3.504029
3.506540
3.508881
3.511383
3.513924
3.516094
3.518841
3.521499
3.523846
3.526249
3.528824
3.531256
3.533788
3.536376
3.538967
3.541755
3.544092
3.546550
3.549232
3.551458
3.554213
3.556624
3.559383
3.561534
3.564293
3.566919
3.569213
3.571957
3.574198
3.577070
3.579595
3.582082
3.584667
3.586997
3.589780
3.592257
3.594890
3.597448
3.599886
3.602106
3.604735
3.607176
3.609876
3.612467
3.615026
3.617358
3.619796
3.622618
3.624921
3.627540
3.630169
3.633005
3.635565
3.638057
3.640668
3.643165
3.645613
3.648078
3.650546
3.653040
3.655611
3.658164
3.660574
3.662964
3.665520
3.668219
3.670595
3.673228
3.675532
3.678120
3.680588
3.683074
3.685677
3.688121
3.690630
3.693015
3.695738
3.698204
3.700818
3.703142
3.705819
3.708096
3.710854
3.713235
3.715907
3.718292
3.720859
3.723373
3.725705
3.728307
3.730874
3.733314
3.735892
3.738489
3.740924
3.743353
3.745986
3.748430
3.750920
3.753357
3.755787
3.758482
3.760870
3.763403
3.766084
3.768487
3.770834
3.773279
3.775964
3.778457
3.780692
3.783368
3.786026
3.788389
3.790762
3.793426
3.795936
3.798466
3.801023
3.803419
3.806030
3.808564
3.810757
3.813459
3.816028
3.818593
3.821139
3.823567
3.825827
3.828489
3.831143
3.833557
3.835933
3.838556
3.841374
3.843831
3.846277
3.849044
3.851577
3.854279
3.856793
3.859131
3.861737
3.864140
3.866530
3.869203
3.871380
3.873910
3.876336
3.879212
3.881488
3.884015
3.886637
3.888907
3.891285
3.894028
3.896481
3.898927
3.901596
3.904134
3.906441
3.909163
3.911569
3.914075
3.916761
3.919494
3.921854
3.924571
3.926984
3.929494
3.932148
3.934510
3.937089
3.939560
3.942092
3.944451
3.947166
3.949554
3.951979
3.954320
3.956860
3.959553
3.961630
3.964577
3.966964
3.969736
3.972160
3.974599
3.977354
3.979653
3.982088
3.984846
3.986988
3.989569
3.992068
3.994503
3.997050
3.999752
4.002187
4.004683
4.006998
4.009514
4.012408
4.014798
4.017289
4.019695
4.022374
4.024741
4.027327
4.029791
4.032341
4.034758
4.037106
4.039923
4.042490
4.045110
4.047473
4.050082
4.052522
4.054934
4.057546
4.060314
4.062840
4.065096
4.067827
4.070174
4.072448
4.075104
4.077580
4.080086
4.082496
4.085233
4.087532
4.090161
4.092674
4.095075
4.097500
4.099814
4.102604
4.105142
4.107469
4.110064
4.112638
4.115147
4.117343
4.119929
4.122405
4.125115
4.127443
4.129979
4.132397
4.134904
4.137296
4.140154
4.142543
4.144766
4.147605
4.149971
4.152293
4.154838
4.157604
4.160022
4.162528
4.164879
4.167465
4.169870
4.172291
4.174837
4.177171
4.179876
4.182272
4.184907
4.187573
4.189671
4.192440
4.194819
4.197298
4.199827
4.202370
4.204692
4.207068
4.209809
4.212243
4.214707
4.217270
4.219850
4.222190
4.224691
4.227089
4.229786
4.232330
4.234729
4.237510
4.240094
4.242513
4.244571
4.247449
4.249835
4.252401
4.255119
4.257796
4.260105
4.262335
4.264966
4.267525
4.269884
4.272465
4.275006
4.277619
4.280005
4.282702
4.284999
4.287443
4.289866
4.292699
4.294952
4.297519
4.300137
4.302558
4.305039
4.307453
4.310009
4.312224
4.314751
4.317459
4.319831
4.322416
4.324921
4.327503
4.329972
4.332193
4.334736
4.337152
4.339741
4.342330
4.344604
4.347259
4.349821
4.352254
4.354593
4.357044
4.359574
4.362052
4.364707
4.367127
4.369694
4.372013
4.374569
4.377073
4.379506
4.381996
4.384482
4.386992
4.389497
4.392032
4.394528
4.396982
4.399524
4.401868
4.404357
4.407138
4.409515
4.411939
4.414279
4.416982
4.419121
4.421843
4.424497
4.426973
4.429470
4.432003
4.434534
4.436935
4.439477
4.441608
4.444525
4.447047
4.449532
4.452088
4.454547
4.457172
4.459476
4.461944
4.464477
4.466982
4.469464
4.471915
4.474297
4.476754
4.479273
4.481976
4.484249
4.486790
4.489382
4.491908
4.494407
4.497107
4.499531
4.502073
4.504434
4.507272
4.509759
4.512149
4.514666
4.517042
4.519515
4.522206
4.524809
4.527219
4.529502
4.531862
4.534564
4.537002
4.539198
4.541974
4.544526
4.546873
4.549367
4.552269
4.554908
4.557505
4.559954
4.562334
4.564719
4.567335
4.569758
4.572225
4.574737
4.577357
4.579764
4.582458
4.584973
4.587283
4.589994
4.592515
4.594959
4.597631
4.599843
4.602452
4.605262
4.607478
4.610043
4.612421
4.615100
4.617244
4.619917
4.622450
4.625143
4.627490
4.630156
4.632644
4.634994
4.637279
4.639860
4.642476
4.645065
4.647764
4.650116
4.652714
4.655147
4.657539
4.660516
4.663075
4.665432
4.667954
4.670639
4.672996
4.675399
4.678039
4.680495
4.683114
4.685945
4.688281
4.691086
4.693723
4.696331
4.698952
4.701916
4.704625
4.707064
4.709670
4.712395
4.715209
4.717913
4.720241
4.722948
4.725641
4.728767
4.731428
4.734071
4.736674
4.739228
4.741849
4.744474
4.747122
4.749849
4.752450
4.755068
4.757489
4.760083
4.762727
4.765316
4.767886
4.770264
4.773170
4.775572
4.778192
4.780943
4.783543
4.786012
4.788656
4.791195
4.793525
4.796164
4.798573
4.800883
4.803428
4.806066
4.808538
4.811080
4.813379
4.815856
4.818381
4.820878
4.823461
4.825843
4.828684
4.830988
4.833446
4.836185
4.838728
4.840981
4.843566
4.845972
4.848382
4.851163
4.853499
4.856028
4.858642
4.861043
4.863619
4.866102
4.868842
4.871533
4.873425
4.875955
4.878812
4.881156
4.883638
4.886091
4.888761
4.891243
4.893958
4.896358
4.899160
4.901455
4.904174
4.906615
4.909144
4.911727
4.914111
4.916582
4.919029
4.921456
4.924079
4.926473
4.928941
4.931152
4.933788
4.936600
4.938986
4.941242
4.943712
4.946192
4.948701
4.951251
4.953798
4.956293
4.958683
4.961277
4.963674
4.966315
4.968877
4.971491
4.973884
4.976333
4.978664
4.981134
4.983686
4.986179
4.988751
4.991357
4.993423
4.996115
4.998613
5.001024
5.003662
5.005932
5.008752
5.011214
5.013547
5.016118
5.018395
5.021000
5.023448
5.026138
5.028585
5.030904
5.033451
