1.5
1.51667
1.53333
1.55
1.56667
1.58333
1.6
1.61667
1.63333
1.65
1.66667
1.68333
1.7
1.71667
1.73333
1.75
1.76667
1.78333
1.8
1.81667
1.83333
1.85
1.86667
1.88333
1.9
1.91667
1.93333
1.95
1.96667
1.98333
1.5
1.51667
1.53333
1.55
1.56667
1.58333
1.6
1.61667
1.63333
1.65
1.66667
1.68333
1.7
1.71667
1.73333
1.75
1.76667
1.78333
1.8
1.81667
1.83333
1.85
1.86667
1.88333
1.9
1.91667
1.93333
1.95
1.96667
1.98333
1.5
1.51667
1.53333
1.55
1.56667
1.58333
1.6
1.61667
1.63333
1.65
1.66667
1.68333
1.7
1.71667
1.73333
1.75
1.76667
1.78333
1.8
1.81667
1.83333
1.85
1.86667
1.88333
1.9
1.91667
1.93333
1.95
1.96667
1.98333
