0.65 60
0.633333 60
0.616667 60
0.6 60
0.583333 60
0.566667 60
0.55 60
0.533333 60
0.516667 60
0.5 60
0.483333 60
0.466667 60
0.45 60
0.433333 60
0.416667 60
0.4 60
0.383333 60
0.366667 60
0.35 60
0.333333 60
0.316667 60
0.3 60
0.283333 60
0.266667 60
0.25 60
0.233333 60
0.216667 60
0.2 60
0.183333 60
0.166667 60
0.65 60
0.633333 60
0.616667 60
0.6 60
0.583333 60
0.566667 60
0.55 60
0.533333 60
0.516667 60
0.5 60
0.483333 60
0.466667 60
0.45 60
0.433333 60
0.416667 60
0.4 60
0.383333 60
0.366667 60
0.35 60
0.333333 60
0.316667 60
0.3 60
0.283333 60
0.266667 60
0.25 60
0.233333 60
0.216667 60
0.2 60
0.183333 60
0.166667 60
0.65 60
0.633333 60
0.616667 60
0.6 60
0.583333 60
0.566667 60
0.55 60
0.533333 60
0.516667 60
0.5 60
0.483333 60
0.466667 60
0.45 60
0.433333 60
0.416667 60
0.4 60
0.383333 60
0.366667 60
0.35 60
0.333333 60
0.316667 60
0.3 60
0.283333 60
0.266667 60
0.25 60
0.233333 60
0.216667 60
0.2 60
0.183333 60
0.166667 60
